Vertex Count: 1152

Data:

0 -1 14.4895 1 1 -0.098 0 -0.9952 0 -1 0 0.995187 0 -0.0979987
0 3.44441 14.4895 1 -1.2222 -0.098 0 -0.9952 0 -1 0 0.995187 0 -0.0979987
2.82679 -1 14.2111 0.96875 1 -0.098 0 -0.9952 0 -1 0 0.995187 0 -0.0979987
2.82679 -1 14.2111 0.96875 1 -0.2903 0 -0.9569 0 -1 0 0.956933 0 -0.29031
2.82679 3.44441 14.2111 0.96875 -1.2222 -0.2903 0 -0.9569 0 -1 0 0.956933 0 -0.29031
5.54491 -1 13.3866 0.9375 1 -0.2903 0 -0.9569 0 -1 0 0.956933 0 -0.29031
5.54491 -1 13.3866 0.9375 1 -0.4714 0 -0.8819 0 -1 0 0.881915 0 -0.471408
5.54491 3.44441 13.3866 0.9375 -1.2222 -0.4714 0 -0.8819 0 -1 0 0.881915 0 -0.471408
8.04995 -1 12.0476 0.90625 1 -0.4714 0 -0.8819 0 -1 0 0.881915 0 -0.471408
8.04995 -1 12.0476 0.90625 1 -0.6344 0 -0.773 0 -1 0 0.773003 0 -0.634402
8.04995 3.44441 12.0476 0.90625 -1.2222 -0.6344 0 -0.773 0 -1 0 0.773003 0 -0.634402
10.2457 -1 10.2457 0.875 1 -0.6344 0 -0.773 0 -1 0 0.773003 0 -0.634402
10.2457 -1 10.2457 0.875 1 -0.773 0 -0.6344 0 -1 0 0.634402 0 -0.773003
10.2457 3.44441 10.2457 0.875 -1.2222 -0.773 0 -0.6344 0 -1 0 0.634402 0 -0.773003
12.0476 -1 8.04995 0.84375 1 -0.773 0 -0.6344 0 -1 0 0.634402 0 -0.773003
12.0476 -1 8.04995 0.84375 1 -0.8819 0 -0.4714 0 -1 0 0.471408 0 -0.881915
12.0476 3.44441 8.04995 0.84375 -1.2222 -0.8819 0 -0.4714 0 -1 0 0.471408 0 -0.881915
13.3866 -1 5.54491 0.8125 1 -0.8819 0 -0.4714 0 -1 0 0.471408 0 -0.881915
13.3866 -1 5.54491 0.8125 1 -0.9569 0 -0.2903 0 -1 0 0.29031 0 -0.956933
13.3866 3.44441 5.54491 0.8125 -1.2222 -0.9569 0 -0.2903 0 -1 0 0.29031 0 -0.956933
14.2111 -1 2.82679 0.78125 1 -0.9569 0 -0.2903 0 -1 0 0.29031 0 -0.956933
14.2111 -1 2.82679 0.78125 1 -0.9952 0 -0.098 0 -1 0 0.0979987 0 -0.995187
14.2111 3.44441 2.82679 0.78125 -1.2222 -0.9952 0 -0.098 0 -1 0 0.0979987 0 -0.995187
14.4895 -1 1e-06 0.75 1 -0.9952 0 -0.098 0 -1 0 0.0979987 0 -0.995187
14.4895 -1 1e-06 0.75 1 -0.9952 0 0.098 0 -1 0 -0.0979987 0 -0.995187
14.4895 3.44441 1e-06 0.75 -1.2222 -0.9952 0 0.098 0 -1 0 -0.0979987 0 -0.995187
14.2111 -1 -2.82678 0.71875 1 -0.9952 0 0.098 0 -1 0 -0.0979987 0 -0.995187
14.2111 -1 -2.82678 0.71875 1 -0.9569 0 0.2903 0 -1 0 -0.29031 0 -0.956933
14.2111 3.44441 -2.82678 0.71875 -1.2222 -0.9569 0 0.2903 0 -1 0 -0.29031 0 -0.956933
13.3866 -1 -5.54491 0.6875 1 -0.9569 0 0.2903 0 -1 0 -0.29031 0 -0.956933
13.3866 -1 -5.54491 0.6875 1 -0.8819 0 0.4714 0 -1 0 -0.471408 0 -0.881915
13.3866 3.44441 -5.54491 0.6875 -1.2222 -0.8819 0 0.4714 0 -1 0 -0.471408 0 -0.881915
12.0476 -1 -8.04995 0.65625 1 -0.8819 0 0.4714 0 -1 0 -0.471408 0 -0.881915
12.0476 -1 -8.04995 0.65625 1 -0.773 0 0.6344 0 -1 0 -0.634402 0 -0.773003
12.0476 3.44441 -8.04995 0.65625 -1.2222 -0.773 0 0.6344 0 -1 0 -0.634402 0 -0.773003
10.2457 -1 -10.2457 0.625 1 -0.773 0 0.6344 0 -1 0 -0.634402 0 -0.773003
10.2457 -1 -10.2457 0.625 1 -0.6344 0 0.773 0 -1 0 -0.773003 0 -0.634402
10.2457 3.44441 -10.2457 0.625 -1.2222 -0.6344 0 0.773 0 -1 0 -0.773003 0 -0.634402
8.04995 -1 -12.0476 0.59375 1 -0.6344 0 0.773 0 -1 0 -0.773003 0 -0.634402
8.04995 -1 -12.0476 0.59375 1 -0.4714 0 0.8819 0 -1 0 -0.881915 0 -0.471408
8.04995 3.44441 -12.0476 0.59375 -1.2222 -0.4714 0 0.8819 0 -1 0 -0.881915 0 -0.471408
5.54491 -1 -13.3866 0.5625 1 -0.4714 0 0.8819 0 -1 0 -0.881915 0 -0.471408
5.54491 -1 -13.3866 0.5625 1 -0.2903 0 0.9569 0 -1 0 -0.956933 0 -0.29031
5.54491 3.44441 -13.3866 0.5625 -1.2222 -0.2903 0 0.9569 0 -1 0 -0.956933 0 -0.29031
2.82678 -1 -14.2111 0.53125 1 -0.2903 0 0.9569 0 -1 0 -0.956933 0 -0.29031
2.82678 -1 -14.2111 0.53125 1 -0.098 0 0.9952 0 -1 0 -0.995187 0 -0.0979987
2.82678 3.44441 -14.2111 0.53125 -1.2222 -0.098 0 0.9952 0 -1 0 -0.995187 0 -0.0979987
-5e-06 -1 -14.4895 0.5 0.999999 -0.098 0 0.9952 0 -1 0 -0.995187 0 -0.0979987
-5e-06 -1 -14.4895 0.5 0.999999 0.098 0 0.9952 0 -1 0 -0.995187 0 0.0979987
-5e-06 3.44441 -14.4895 0.5 -1.2222 0.098 0 0.9952 0 -1 0 -0.995187 0 0.0979987
-2.82679 -1 -14.2111 0.46875 0.999999 0.098 0 0.9952 0 -1 0 -0.995187 0 0.0979987
-2.82679 -1 -14.2111 0.46875 0.999999 0.2903 0 0.9569 0 -1 0 -0.956933 0 0.29031
-2.82679 3.44441 -14.2111 0.46875 -1.2222 0.2903 0 0.9569 0 -1 0 -0.956933 0 0.29031
-5.54492 -1 -13.3866 0.4375 0.999999 0.2903 0 0.9569 0 -1 0 -0.956933 0 0.29031
-5.54492 -1 -13.3866 0.4375 0.999999 0.4714 0 0.8819 0 -1 0 -0.881915 0 0.471408
-5.54492 3.44441 -13.3866 0.4375 -1.2222 0.4714 0 0.8819 0 -1 0 -0.881915 0 0.471408
-8.04996 -1 -12.0476 0.40625 0.999999 0.4714 0 0.8819 0 -1 0 -0.881915 0 0.471408
-8.04996 -1 -12.0476 0.40625 0.999999 0.6344 0 0.773 0 -1 0 -0.773003 0 0.634402
-8.04996 3.44441 -12.0476 0.40625 -1.2222 0.6344 0 0.773 0 -1 0 -0.773003 0 0.634402
-10.2457 -1 -10.2457 0.375 0.999999 0.6344 0 0.773 0 -1 0 -0.773003 0 0.634402
-10.2457 -1 -10.2457 0.375 0.999999 0.773 0 0.6344 0 -1 0 -0.634402 0 0.773003
-10.2457 3.44441 -10.2457 0.375 -1.2222 0.773 0 0.6344 0 -1 0 -0.634402 0 0.773003
-12.0476 -1 -8.04994 0.34375 0.999999 0.773 0 0.6344 0 -1 0 -0.634402 0 0.773003
-12.0476 -1 -8.04994 0.34375 0.999999 0.8819 0 0.4714 0 -1 0 -0.471408 0 0.881915
-12.0476 3.44441 -8.04994 0.34375 -1.2222 0.8819 0 0.4714 0 -1 0 -0.471408 0 0.881915
-13.3866 -1 -5.5449 0.3125 0.999999 0.8819 0 0.4714 0 -1 0 -0.471408 0 0.881915
-13.3866 -1 -5.5449 0.3125 0.999999 0.9569 0 0.2903 0 -1 0 -0.29031 0 0.956933
-13.3866 3.44441 -5.5449 0.3125 -1.2222 0.9569 0 0.2903 0 -1 0 -0.29031 0 0.956933
-14.2111 -1 -2.82677 0.28125 0.999999 0.9569 0 0.2903 0 -1 0 -0.29031 0 0.956933
-14.2111 -1 -2.82677 0.28125 0.999999 0.9952 0 0.098 0 -1 0 -0.0979987 0 0.995187
-14.2111 3.44441 -2.82677 0.28125 -1.2222 0.9952 0 0.098 0 -1 0 -0.0979987 0 0.995187
-14.4895 -1 1.6e-05 0.25 0.999999 0.9952 0 0.098 0 -1 0 -0.0979987 0 0.995187
-14.4895 -1 1.6e-05 0.25 0.999999 0.9952 0 -0.098 0 -1 0 0.0979987 -0 0.995187
-14.4895 3.44441 1.6e-05 0.25 -1.2222 0.9952 0 -0.098 0 -1 0 0.0979987 -0 0.995187
-14.2111 -1 2.8268 0.21875 1 0.9952 0 -0.098 0 -1 0 0.0979987 -0 0.995187
-14.2111 -1 2.8268 0.21875 1 0.9569 0 -0.2903 0 -1 0 0.29031 -0 0.956933
-14.2111 3.44441 2.8268 0.21875 -1.2222 0.9569 0 -0.2903 0 -1 0 0.29031 -0 0.956933
-13.3866 -1 5.54493 0.1875 1 0.9569 0 -0.2903 0 -1 0 0.29031 -0 0.956933
-13.3866 -1 5.54493 0.1875 1 0.8819 0 -0.4714 0 -1 0 0.471408 -0 0.881915
-13.3866 3.44441 5.54493 0.1875 -1.2222 0.8819 0 -0.4714 0 -1 0 0.471408 -0 0.881915
-12.0476 -1 8.04997 0.15625 1 0.8819 0 -0.4714 0 -1 0 0.471408 -0 0.881915
-12.0476 -1 8.04997 0.15625 1 0.773 0 -0.6344 0 -1 0 0.634402 -0 0.773003
-12.0476 3.44441 8.04997 0.15625 -1.2222 0.773 0 -0.6344 0 -1 0 0.634402 -0 0.773003
-10.2456 -1 10.2457 0.125 1 0.773 0 -0.6344 0 -1 0 0.634402 -0 0.773003
-10.2456 -1 10.2457 0.125 1 0.6344 0 -0.773 0 -1 0 0.773003 -0 0.634402
-10.2456 3.44441 10.2457 0.125 -1.2222 0.6344 0 -0.773 0 -1 0 0.773003 -0 0.634402
-8.04993 -1 12.0476 0.09375 1 0.6344 0 -0.773 0 -1 0 0.773003 -0 0.634402
-8.04993 -1 12.0476 0.09375 1 0.4714 0 -0.8819 0 -1 0 0.881915 -0 0.471408
-8.04993 3.44441 12.0476 0.09375 -1.2222 0.4714 0 -0.8819 0 -1 0 0.881915 -0 0.471408
-5.54489 -1 13.3866 0.0625 1 0.4714 0 -0.8819 0 -1 0 0.881915 -0 0.471408
-5.54489 -1 13.3866 0.0625 1 0.2903 0 -0.9569 0 -1 0 0.956933 -0 0.29031
-5.54489 3.44441 13.3866 0.0625 -1.2222 0.2903 0 -0.9569 0 -1 0 0.956933 -0 0.29031
-2.82676 -1 14.2111 0.03125 1 0.2903 0 -0.9569 0 -1 0 0.956933 -0 0.29031
-2.82676 -1 14.2111 0.03125 1 0.098 0 -0.9952 0 -1 0 0.995187 -0 0.0979987
-2.82676 3.44441 14.2111 0.03125 -1.2222 0.098 0 -0.9952 0 -1 0 0.995187 -0 0.0979987
0 -1 14.4895 0 1 0.098 0 -0.9952 0 -1 0 0.995187 -0 0.0979987
0 3.44441 14.4895 1 -1.2222 -0.098 0 -0.9952 -0.995185 0 0.0980097 -0 1 0
2.82679 3.44441 14.2111 0.96875 -1.2222 -0.098 0 -0.9952 -0.995185 0 0.0980097 -0 1 0
2.82679 -1 14.2111 0.96875 1 -0.098 0 -0.9952 -0.995185 0 0.0980097 -0 1 0
2.82679 3.44441 14.2111 0.96875 -1.2222 -0.2903 0 -0.9569 -0.956942 0 0.290279 -0 1 0
5.54491 3.44441 13.3866 0.9375 -1.2222 -0.2903 0 -0.9569 -0.956942 0 0.290279 -0 1 0
5.54491 -1 13.3866 0.9375 1 -0.2903 0 -0.9569 -0.956942 0 0.290279 -0 1 0
5.54491 3.44441 13.3866 0.9375 -1.2222 -0.4714 0 -0.8819 -0.881921 0 0.471397 -0 1 0
8.04995 3.44441 12.0476 0.90625 -1.2222 -0.4714 0 -0.8819 -0.881921 0 0.471397 -0 1 0
8.04995 -1 12.0476 0.90625 1 -0.4714 0 -0.8819 -0.881921 0 0.471397 -0 1 0
8.04995 3.44441 12.0476 0.90625 -1.2222 -0.6344 0 -0.773 -0.773013 0 0.63439 -0 1 0
10.2457 3.44441 10.2457 0.875 -1.2222 -0.6344 0 -0.773 -0.773013 0 0.63439 -0 1 0
10.2457 -1 10.2457 0.875 1 -0.6344 0 -0.773 -0.773013 0 0.63439 -0 1 0
10.2457 3.44441 10.2457 0.875 -1.2222 -0.773 0 -0.6344 -0.63439 0 0.773013 -0 1 0
12.0476 3.44441 8.04995 0.84375 -1.2222 -0.773 0 -0.6344 -0.63439 0 0.773013 -0 1 0
12.0476 -1 8.04995 0.84375 1 -0.773 0 -0.6344 -0.63439 0 0.773013 -0 1 0
12.0476 3.44441 8.04995 0.84375 -1.2222 -0.8819 0 -0.4714 -0.471397 0 0.881921 -0 1 0
13.3866 3.44441 5.54491 0.8125 -1.2222 -0.8819 0 -0.4714 -0.471397 0 0.881921 -0 1 0
13.3866 -1 5.54491 0.8125 1 -0.8819 0 -0.4714 -0.471397 0 0.881921 -0 1 0
13.3866 3.44441 5.54491 0.8125 -1.2222 -0.9569 0 -0.2903 -0.29028 0 0.956942 -0 1 0
14.2111 3.44441 2.82679 0.78125 -1.2222 -0.9569 0 -0.2903 -0.29028 0 0.956942 -0 1 0
14.2111 -1 2.82679 0.78125 1 -0.9569 0 -0.2903 -0.29028 0 0.956942 -0 1 0
14.2111 3.44441 2.82679 0.78125 -1.2222 -0.9952 0 -0.098 -0.0980097 0 0.995185 -0 1 0
14.4895 3.44441 1e-06 0.75 -1.2222 -0.9952 0 -0.098 -0.0980097 0 0.995185 -0 1 0
14.4895 -1 1e-06 0.75 1 -0.9952 0 -0.098 -0.0980097 0 0.995185 -0 1 0
14.4895 3.44441 1e-06 0.75 -1.2222 -0.9952 0 0.098 0.0980094 0 0.995185 0 1 0
14.2111 3.44441 -2.82678 0.71875 -1.2222 -0.9952 0 0.098 0.0980094 0 0.995185 0 1 0
14.2111 -1 -2.82678 0.71875 1 -0.9952 0 0.098 0.0980094 0 0.995185 0 1 0
14.2111 3.44441 -2.82678 0.71875 -1.2222 -0.9569 0 0.2903 0.290279 0 0.956942 0 1 0
13.3866 3.44441 -5.54491 0.6875 -1.2222 -0.9569 0 0.2903 0.290279 0 0.956942 0 1 0
13.3866 -1 -5.54491 0.6875 1 -0.9569 0 0.2903 0.290279 0 0.956942 0 1 0
13.3866 3.44441 -5.54491 0.6875 -1.2222 -0.8819 0 0.4714 0.471397 0 0.881921 0 1 0
12.0476 3.44441 -8.04995 0.65625 -1.2222 -0.8819 0 0.4714 0.471397 0 0.881921 0 1 0
12.0476 -1 -8.04995 0.65625 1 -0.8819 0 0.4714 0.471397 0 0.881921 0 1 0
12.0476 3.44441 -8.04995 0.65625 -1.2222 -0.773 0 0.6344 0.63439 0 0.773013 0 1 0
10.2457 3.44441 -10.2457 0.625 -1.2222 -0.773 0 0.6344 0.63439 0 0.773013 0 1 0
10.2457 -1 -10.2457 0.625 1 -0.773 0 0.6344 0.63439 0 0.773013 0 1 0
10.2457 3.44441 -10.2457 0.625 -1.2222 -0.6344 0 0.773 0.773013 0 0.63439 0 1 0
8.04995 3.44441 -12.0476 0.59375 -1.2222 -0.6344 0 0.773 0.773013 0 0.63439 0 1 0
8.04995 -1 -12.0476 0.59375 1 -0.6344 0 0.773 0.773013 0 0.63439 0 1 0
8.04995 3.44441 -12.0476 0.59375 -1.2222 -0.4714 0 0.8819 0.881921 0 0.471397 0 1 0
5.54491 3.44441 -13.3866 0.5625 -1.2222 -0.4714 0 0.8819 0.881921 0 0.471397 0 1 0
5.54491 -1 -13.3866 0.5625 1 -0.4714 0 0.8819 0.881921 0 0.471397 0 1 0
5.54491 3.44441 -13.3866 0.5625 -1.2222 -0.2903 0 0.9569 0.956942 0 0.290279 0 1 0
2.82678 3.44441 -14.2111 0.53125 -1.2222 -0.2903 0 0.9569 0.956942 0 0.290279 0 1 0
2.82678 -1 -14.2111 0.53125 1 -0.2903 0 0.9569 0.956942 0 0.290279 0 1 0
2.82678 3.44441 -14.2111 0.53125 -1.2222 -0.098 0 0.9952 0.995184 0 0.0980266 0 1 0
-5e-06 3.44441 -14.4895 0.5 -1.2222 -0.098 0 0.9952 0.995184 0 0.0980266 0 1 0
-5e-06 -1 -14.4895 0.5 0.999999 -0.098 0 0.9952 0.995184 0 0.0980266 0 1 0
-5e-06 3.44441 -14.4895 0.5 -1.2222 0.098 0 0.9952 0.995184 0 -0.0980273 0 1 0
-2.82679 3.44441 -14.2111 0.46875 -1.2222 0.098 0 0.9952 0.995184 0 -0.0980273 0 1 0
-2.82679 -1 -14.2111 0.46875 0.999999 0.098 0 0.9952 0.995184 0 -0.0980273 0 1 0
-2.82679 3.44441 -14.2111 0.46875 -1.2222 0.2903 0 0.9569 0.956942 0 -0.29028 0 1 0
-5.54492 3.44441 -13.3866 0.4375 -1.2222 0.2903 0 0.9569 0.956942 0 -0.29028 0 1 0
-5.54492 -1 -13.3866 0.4375 0.999999 0.2903 0 0.9569 0.956942 0 -0.29028 0 1 0
-5.54492 3.44441 -13.3866 0.4375 -1.2222 0.4714 0 0.8819 0.881921 0 -0.471397 0 1 0
-8.04996 3.44441 -12.0476 0.40625 -1.2222 0.4714 0 0.8819 0.881921 0 -0.471397 0 1 0
-8.04996 -1 -12.0476 0.40625 0.999999 0.4714 0 0.8819 0.881921 0 -0.471397 0 1 0
-8.04996 3.44441 -12.0476 0.40625 -1.2222 0.6344 0 0.773 0.773013 0 -0.634391 0 1 0
-10.2457 3.44441 -10.2457 0.375 -1.2222 0.6344 0 0.773 0.773013 0 -0.634391 0 1 0
-10.2457 -1 -10.2457 0.375 0.999999 0.6344 0 0.773 0.773013 0 -0.634391 0 1 0
-10.2457 3.44441 -10.2457 0.375 -1.2222 0.773 0 0.6344 0.634389 0 -0.773014 0 1 0
-12.0476 3.44441 -8.04994 0.34375 -1.2222 0.773 0 0.6344 0.634389 0 -0.773014 0 1 0
-12.0476 -1 -8.04994 0.34375 0.999999 0.773 0 0.6344 0.634389 0 -0.773014 0 1 0
-12.0476 3.44441 -8.04994 0.34375 -1.2222 0.8819 0 0.4714 0.471396 0 -0.881922 0 1 0
-13.3866 3.44441 -5.5449 0.3125 -1.2222 0.8819 0 0.4714 0.471396 0 -0.881922 0 1 0
-13.3866 -1 -5.5449 0.3125 0.999999 0.8819 0 0.4714 0.471396 0 -0.881922 0 1 0
-13.3866 3.44441 -5.5449 0.3125 -1.2222 0.9569 0 0.2903 0.290278 0 -0.956942 0 1 0
-14.2111 3.44441 -2.82677 0.28125 -1.2222 0.9569 0 0.2903 0.290278 0 -0.956942 0 1 0
-14.2111 -1 -2.82677 0.28125 0.999999 0.9569 0 0.2903 0.290278 0 -0.956942 0 1 0
-14.2111 3.44441 -2.82677 0.28125 -1.2222 0.9952 0 0.098 0.0980259 0 -0.995184 0 1 0
-14.4895 3.44441 1.6e-05 0.25 -1.2222 0.9952 0 0.098 0.0980259 0 -0.995184 0 1 0
-14.4895 -1 1.6e-05 0.25 0.999999 0.9952 0 0.098 0.0980259 0 -0.995184 0 1 0
-14.4895 3.44441 1.6e-05 0.25 -1.2222 0.9952 0 -0.098 -0.098028 0 -0.995184 0 1 -0
-14.2111 3.44441 2.8268 0.21875 -1.2222 0.9952 0 -0.098 -0.098028 0 -0.995184 0 1 -0
-14.2111 -1 2.8268 0.21875 1 0.9952 0 -0.098 -0.098028 0 -0.995184 0 1 -0
-14.2111 3.44441 2.8268 0.21875 -1.2222 0.9569 0 -0.2903 -0.290281 0 -0.956942 0 1 -0
-13.3866 3.44441 5.54493 0.1875 -1.2222 0.9569 0 -0.2903 -0.290281 0 -0.956942 0 1 -0
-13.3866 -1 5.54493 0.1875 1 0.9569 0 -0.2903 -0.290281 0 -0.956942 0 1 -0
-13.3866 3.44441 5.54493 0.1875 -1.2222 0.8819 0 -0.4714 -0.471398 0 -0.881921 0 1 -0
-12.0476 3.44441 8.04997 0.15625 -1.2222 0.8819 0 -0.4714 -0.471398 0 -0.881921 0 1 -0
-12.0476 -1 8.04997 0.15625 1 0.8819 0 -0.4714 -0.471398 0 -0.881921 0 1 -0
-12.0476 3.44441 8.04997 0.15625 -1.2222 0.773 0 -0.6344 -0.634391 0 -0.773012 0 1 -0
-10.2456 3.44441 10.2457 0.125 -1.2222 0.773 0 -0.6344 -0.634391 0 -0.773012 0 1 -0
-10.2456 -1 10.2457 0.125 1 0.773 0 -0.6344 -0.634391 0 -0.773012 0 1 -0
-10.2456 3.44441 10.2457 0.125 -1.2222 0.6344 0 -0.773 -0.773014 0 -0.634389 0 1 -0
-8.04993 3.44441 12.0476 0.09375 -1.2222 0.6344 0 -0.773 -0.773014 0 -0.634389 0 1 -0
-8.04993 -1 12.0476 0.09375 1 0.6344 0 -0.773 -0.773014 0 -0.634389 0 1 -0
-8.04993 3.44441 12.0476 0.09375 -1.2222 0.4714 0 -0.8819 -0.881922 0 -0.471396 0 1 -0
-5.54489 3.44441 13.3866 0.0625 -1.2222 0.4714 0 -0.8819 -0.881922 0 -0.471396 0 1 -0
-5.54489 -1 13.3866 0.0625 1 0.4714 0 -0.8819 -0.881922 0 -0.471396 0 1 -0
-5.54489 3.44441 13.3866 0.0625 -1.2222 0.2903 0 -0.9569 -0.956942 0 -0.290278 0 1 -0
-2.82676 3.44441 14.2111 0.03125 -1.2222 0.2903 0 -0.9569 -0.956942 0 -0.290278 0 1 -0
-2.82676 -1 14.2111 0.03125 1 0.2903 0 -0.9569 -0.956942 0 -0.290278 0 1 -0
-2.82676 3.44441 14.2111 0.03125 -1.2222 0.098 0 -0.9952 -0.995186 0 -0.0980089 0 1 -0
0 3.44441 14.4895 0 -1.2222 0.098 0 -0.9952 -0.995186 0 -0.0980089 0 1 -0
0 -1 14.4895 0 1 0.098 0 -0.9952 -0.995186 0 -0.0980089 0 1 -0
0 -1 16.0994 1 1 0.098 0 0.9952 -0.995185 0 0.0980174 0 -1 -0
3.14085 -1 15.7901 0.96875 1 0.098 0 0.9952 -0.995185 0 0.0980174 0 -1 -0
0 1 16.0994 1 1.01328e-06 0.098 0 0.9952 -0.995185 0 0.0980174 0 -1 -0
3.14085 -1 15.7901 0.96875 1 0.2903 0 0.9569 -0.95694 0 0.290284 0 -1 -0
6.16099 -1 14.8739 0.9375 1 0.2903 0 0.9569 -0.95694 0 0.290284 0 -1 -0
3.14085 1 15.7901 0.96875 1.01328e-06 0.2903 0 0.9569 -0.95694 0 0.290284 0 -1 -0
6.16099 -1 14.8739 0.9375 1 0.4714 0 0.8819 -0.881921 0 0.471397 0 -1 -0
8.94437 -1 13.3862 0.90625 1 0.4714 0 0.8819 -0.881921 0 0.471397 0 -1 -0
6.16099 1 14.8739 0.9375 1.01328e-06 0.4714 0 0.8819 -0.881921 0 0.471397 0 -1 -0
8.94437 -1 13.3862 0.90625 1 0.6344 0 0.773 -0.77301 0 0.634393 0 -1 -0
11.384 -1 11.384 0.875 1 0.6344 0 0.773 -0.77301 0 0.634393 0 -1 -0
8.94437 1 13.3862 0.90625 1.01328e-06 0.6344 0 0.773 -0.77301 0 0.634393 0 -1 -0
11.384 -1 11.384 0.875 1 0.773 0 0.6344 -0.634393 0 0.77301 0 -1 -0
13.3862 -1 8.94437 0.84375 1 0.773 0 0.6344 -0.634393 0 0.77301 0 -1 -0
11.384 1 11.384 0.875 1.01328e-06 0.773 0 0.6344 -0.634393 0 0.77301 0 -1 -0
13.3862 -1 8.94437 0.84375 1 0.8819 0 0.4714 -0.471397 0 0.881921 0 -1 -0
14.8739 -1 6.16099 0.8125 1 0.8819 0 0.4714 -0.471397 0 0.881921 0 -1 -0
13.3862 1 8.94437 0.84375 1.01328e-06 0.8819 0 0.4714 -0.471397 0 0.881921 0 -1 -0
14.8739 -1 6.16099 0.8125 1 0.9569 0 0.2903 -0.290285 0 0.95694 0 -1 -0
15.7901 -1 3.14085 0.78125 1 0.9569 0 0.2903 -0.290285 0 0.95694 0 -1 -0
14.8739 1 6.16099 0.8125 1.01328e-06 0.9569 0 0.2903 -0.290285 0 0.95694 0 -1 -0
15.7901 -1 3.14085 0.78125 1 0.9952 0 0.098 -0.0980174 0 0.995185 0 -1 -0
16.0994 -1 1e-06 0.75 1 0.9952 0 0.098 -0.0980174 0 0.995185 0 -1 -0
15.7901 1 3.14085 0.78125 1.01328e-06 0.9952 0 0.098 -0.0980174 0 0.995185 0 -1 -0
16.0994 -1 1e-06 0.75 1 0.9952 0 -0.098 0.0980172 0 0.995185 -0 -1 0
15.7901 -1 -3.14084 0.71875 1 0.9952 0 -0.098 0.0980172 0 0.995185 -0 -1 0
16.0994 1 1e-06 0.75 1.01328e-06 0.9952 0 -0.098 0.0980172 0 0.995185 -0 -1 0
15.7901 -1 -3.14084 0.71875 1 0.9569 0 -0.2903 0.290285 0 0.95694 -0 -1 0
14.8739 -1 -6.16099 0.6875 1 0.9569 0 -0.2903 0.290285 0 0.95694 -0 -1 0
15.7901 1 -3.14084 0.71875 0 0.9569 0 -0.2903 0.290285 0 0.95694 -0 -1 0
14.8739 -1 -6.16099 0.6875 1 0.8819 0 -0.4714 0.471397 0 0.881921 -0 -1 0
13.3862 -1 -8.94437 0.65625 1 0.8819 0 -0.4714 0.471397 0 0.881921 -0 -1 0
14.8739 1 -6.16099 0.6875 0 0.8819 0 -0.4714 0.471397 0 0.881921 -0 -1 0
13.3862 -1 -8.94437 0.65625 1 0.773 0 -0.6344 0.634393 0 0.77301 -0 -1 0
11.384 -1 -11.384 0.625 1 0.773 0 -0.6344 0.634393 0 0.77301 -0 -1 0
13.3862 1 -8.94437 0.65625 0 0.773 0 -0.6344 0.634393 0 0.77301 -0 -1 0
11.384 -1 -11.384 0.625 1 0.6344 0 -0.773 0.77301 0 0.634393 -0 -1 0
8.94437 -1 -13.3862 0.59375 1 0.6344 0 -0.773 0.77301 0 0.634393 -0 -1 0
11.384 1 -11.384 0.625 0 0.6344 0 -0.773 0.77301 0 0.634393 -0 -1 0
8.94437 -1 -13.3862 0.59375 1 0.4714 0 -0.8819 0.881921 0 0.471397 -0 -1 0
6.16099 -1 -14.8739 0.5625 1 0.4714 0 -0.8819 0.881921 0 0.471397 -0 -1 0
8.94437 1 -13.3862 0.59375 0 0.4714 0 -0.8819 0.881921 0 0.471397 -0 -1 0
6.16099 -1 -14.8739 0.5625 1 0.2903 0 -0.9569 0.956941 0 0.290284 -0 -1 0
3.14084 -1 -15.7901 0.53125 0.999999 0.2903 0 -0.9569 0.956941 0 0.290284 -0 -1 0
6.16099 1 -14.8739 0.5625 0 0.2903 0 -0.9569 0.956941 0 0.290284 -0 -1 0
3.14084 -1 -15.7901 0.53125 0.999999 0.098 0 -0.9952 0.995185 0 0.0980171 -0 -1 0
-5e-06 -1 -16.0994 0.5 0.999999 0.098 0 -0.9952 0.995185 0 0.0980171 -0 -1 0
3.14084 1 -15.7901 0.53125 -9.53674e-07 0.098 0 -0.9952 0.995185 0 0.0980171 -0 -1 0
-5e-06 -1 -16.0994 0.5 0.999999 -0.098 0 -0.9952 0.995185 0 -0.0980177 0 -1 0
-3.14085 -1 -15.7901 0.46875 0.999999 -0.098 0 -0.9952 0.995185 0 -0.0980177 0 -1 0
-5e-06 1 -16.0994 0.5 -9.53674e-07 -0.098 0 -0.9952 0.995185 0 -0.0980177 0 -1 0
-3.14085 -1 -15.7901 0.46875 0.999999 -0.2903 0 -0.9569 0.95694 0 -0.290285 0 -1 0
-6.161 -1 -14.8739 0.4375 0.999999 -0.2903 0 -0.9569 0.95694 0 -0.290285 0 -1 0
-3.14085 1 -15.7901 0.46875 -9.53674e-07 -0.2903 0 -0.9569 0.95694 0 -0.290285 0 -1 0
-6.161 -1 -14.8739 0.4375 0.999999 -0.4714 0 -0.8819 0.881921 0 -0.471397 0 -1 0
-8.94438 -1 -13.3862 0.40625 0.999999 -0.4714 0 -0.8819 0.881921 0 -0.471397 0 -1 0
-6.161 1 -14.8739 0.4375 -9.53674e-07 -0.4714 0 -0.8819 0.881921 0 -0.471397 0 -1 0
-8.94438 -1 -13.3862 0.40625 0.999999 -0.6344 0 -0.773 0.77301 0 -0.634394 0 -1 0
-11.384 -1 -11.384 0.375 0.999999 -0.6344 0 -0.773 0.77301 0 -0.634394 0 -1 0
-8.94438 1 -13.3862 0.40625 -9.53674e-07 -0.6344 0 -0.773 0.77301 0 -0.634394 0 -1 0
-11.384 -1 -11.384 0.375 0.999999 -0.773 0 -0.6344 0.634393 0 -0.773011 0 -1 0
-13.3862 -1 -8.94436 0.34375 0.999999 -0.773 0 -0.6344 0.634393 0 -0.773011 0 -1 0
-11.384 1 -11.384 0.375 -9.53674e-07 -0.773 0 -0.6344 0.634393 0 -0.773011 0 -1 0
-13.3862 -1 -8.94436 0.34375 0.999999 -0.8819 0 -0.4714 0.471396 0 -0.881922 0 -1 0
-14.874 -1 -6.16098 0.3125 0.999999 -0.8819 0 -0.4714 0.471396 0 -0.881922 0 -1 0
-13.3862 1 -8.94436 0.34375 -9.53674e-07 -0.8819 0 -0.4714 0.471396 0 -0.881922 0 -1 0
-14.874 -1 -6.16098 0.3125 0.999999 -0.9569 0 -0.2903 0.290284 0 -0.956941 0 -1 0
-15.7901 -1 -3.14083 0.28125 0.999999 -0.9569 0 -0.2903 0.290284 0 -0.956941 0 -1 0
-14.874 1 -6.16098 0.3125 -9.53674e-07 -0.9569 0 -0.2903 0.290284 0 -0.956941 0 -1 0
-15.7901 -1 -3.14083 0.28125 0.999999 -0.9952 0 -0.098 0.0980165 0 -0.995185 0 -1 0
-16.0994 -1 1.6e-05 0.25 0.999999 -0.9952 0 -0.098 0.0980165 0 -0.995185 0 -1 0
-15.7901 1 -3.14083 0.28125 -9.53674e-07 -0.9952 0 -0.098 0.0980165 0 -0.995185 0 -1 0
-16.0994 -1 1.6e-05 0.25 0.999999 -0.9952 0 0.098 -0.098018 0 -0.995185 0 -1 0
-15.7901 -1 3.14086 0.21875 1 -0.9952 0 0.098 -0.098018 0 -0.995185 0 -1 0
-16.0994 1 1.6e-05 0.25 -9.53674e-07 -0.9952 0 0.098 -0.098018 0 -0.995185 0 -1 0
-15.7901 -1 3.14086 0.21875 1 -0.9569 0 0.2903 -0.290286 0 -0.95694 0 -1 0
-14.8739 -1 6.16101 0.1875 1 -0.9569 0 0.2903 -0.290286 0 -0.95694 0 -1 0
-15.7901 1 3.14086 0.21875 -9.53674e-07 -0.9569 0 0.2903 -0.290286 0 -0.95694 0 -1 0
-14.8739 -1 6.16101 0.1875 1 -0.8819 0 0.4714 -0.471398 0 -0.881921 0 -1 0
-13.3862 -1 8.94439 0.15625 1 -0.8819 0 0.4714 -0.471398 0 -0.881921 0 -1 0
-14.8739 1 6.16101 0.1875 0 -0.8819 0 0.4714 -0.471398 0 -0.881921 0 -1 0
-13.3862 -1 8.94439 0.15625 1 -0.773 0 0.6344 -0.634394 0 -0.77301 0 -1 0
-11.384 -1 11.384 0.125 1 -0.773 0 0.6344 -0.634394 0 -0.77301 0 -1 0
-13.3862 1 8.94439 0.15625 0 -0.773 0 0.6344 -0.634394 0 -0.77301 0 -1 0
-11.384 -1 11.384 0.125 1 -0.6344 0 0.773 -0.773011 0 -0.634392 0 -1 0
-8.94435 -1 13.3862 0.09375 1 -0.6344 0 0.773 -0.773011 0 -0.634392 0 -1 0
-11.384 1 11.384 0.125 0 -0.6344 0 0.773 -0.773011 0 -0.634392 0 -1 0
-8.94435 -1 13.3862 0.09375 1 -0.4714 0 0.8819 -0.881922 0 -0.471396 0 -1 0
-6.16097 -1 14.874 0.0625 1 -0.4714 0 0.8819 -0.881922 0 -0.471396 0 -1 0
-8.94435 1 13.3862 0.09375 0 -0.4714 0 0.8819 -0.881922 0 -0.471396 0 -1 0
-6.16097 -1 14.874 0.0625 1 -0.2903 0 0.9569 -0.956941 0 -0.290283 0 -1 0
-3.14082 -1 15.7901 0.03125 1 -0.2903 0 0.9569 -0.956941 0 -0.290283 0 -1 0
-6.16097 1 14.874 0.0625 0 -0.2903 0 0.9569 -0.956941 0 -0.290283 0 -1 0
-3.14082 -1 15.7901 0.03125 1 -0.098 0 0.9952 -0.995185 0 -0.0980167 0 -1 0
0 -1 16.0994 0 1 -0.098 0 0.9952 -0.995185 0 -0.0980167 0 -1 0
-3.14082 1 15.7901 0.03125 0 -0.098 0 0.9952 -0.995185 0 -0.0980167 0 -1 0
-5e-06 3.44441 -14.4895 0.5 -1.2222 0 0 -1 -0.995184 0 -0.0980266 0 1 -0
2.82678 3.44441 -14.2111 0.53125 -1.2222 0 0 -1 -0.995184 0 -0.0980266 0 1 -0
-5e-06 3.44441 -14.4895 0.5 -1.2222 0 0 -1 -0.995184 0 -0.0980266 0 1 -0
-14.4895 -1 1.6e-05 0.25 0.999999 0 0 -1 -0.098028 0 -0.995184 0 1 -0
-14.2111 -1 2.8268 0.21875 1 0 0 -1 -0.098028 0 -0.995184 0 1 -0
-14.4895 -1 1.6e-05 0.25 0.999999 0 0 -1 -0.098028 0 -0.995184 0 1 -0
14.2111 3.44441 2.82679 0.78125 -1.2222 0 0 -1 0.29028 0 -0.956942 0 -1 0
13.3866 3.44441 5.54491 0.8125 -1.2222 0 0 -1 0.29028 0 -0.956942 0 -1 0
14.2111 3.44441 2.82679 0.78125 -1.2222 0 0 -1 0.29028 0 -0.956942 0 -1 0
2.82678 -1 -14.2111 0.53125 1 0 0 -1 0.995184 0 0.0980266 -0 -1 0
-5e-06 -1 -14.4895 0.5 0.999999 0 0 -1 0.995184 0 0.0980266 -0 -1 0
2.82678 -1 -14.2111 0.53125 1 0 0 -1 0.995184 0 0.0980266 -0 -1 0
13.3866 -1 5.54491 0.8125 1 0 0 -1 -0.29028 0 0.956942 -0 1 -0
14.2111 -1 2.82679 0.78125 1 0 0 -1 -0.29028 0 0.956942 -0 1 -0
13.3866 -1 5.54491 0.8125 1 0 0 -1 -0.29028 0 0.956942 -0 1 -0
-14.4895 3.44441 1.6e-05 0.25 -1.2222 0 0 -1 -0.0980259 0 0.995184 -0 1 -0
-14.2111 3.44441 -2.82677 0.28125 -1.2222 0 0 -1 -0.0980259 0 0.995184 -0 1 -0
-14.4895 3.44441 1.6e-05 0.25 -1.2222 0 0 -1 -0.0980259 0 0.995184 -0 1 -0
2.82678 3.44441 -14.2111 0.53125 -1.2222 0 0 -1 -0.956942 0 -0.290279 0 1 -0
5.54491 3.44441 -13.3866 0.5625 -1.2222 0 0 -1 -0.956942 0 -0.290279 0 1 -0
2.82678 3.44441 -14.2111 0.53125 -1.2222 0 0 -1 -0.956942 0 -0.290279 0 1 -0
-14.2111 -1 -2.82677 0.28125 0.999999 0 0 -1 0.0980259 0 -0.995184 0 -1 0
-14.4895 -1 1.6e-05 0.25 0.999999 0 0 -1 0.0980259 0 -0.995184 0 -1 0
-14.2111 -1 -2.82677 0.28125 0.999999 0 0 -1 0.0980259 0 -0.995184 0 -1 0
13.3866 3.44441 5.54491 0.8125 -1.2222 0 0 -1 0.471397 0 -0.881921 0 -1 0
12.0476 3.44441 8.04995 0.84375 -1.2222 0 0 -1 0.471397 0 -0.881921 0 -1 0
13.3866 3.44441 5.54491 0.8125 -1.2222 0 0 -1 0.471397 0 -0.881921 0 -1 0
5.54491 -1 -13.3866 0.5625 1 0 0 -1 0.956942 0 0.290279 -0 -1 0
2.82678 -1 -14.2111 0.53125 1 0 0 -1 0.956942 0 0.290279 -0 -1 0
5.54491 -1 -13.3866 0.5625 1 0 0 -1 0.956942 0 0.290279 -0 -1 0
0 3.44441 14.4895 0 -1.2222 0 0 -1 0.995186 0 0.0980089 -0 -1 0
-2.82676 3.44441 14.2111 0.03125 -1.2222 0 0 -1 0.995186 0 0.0980089 -0 -1 0
0 3.44441 14.4895 0 -1.2222 0 0 -1 0.995186 0 0.0980089 -0 -1 0
12.0476 -1 8.04995 0.84375 1 0 0 -1 -0.471397 0 0.881921 -0 1 -0
13.3866 -1 5.54491 0.8125 1 0 0 -1 -0.471397 0 0.881921 -0 1 -0
12.0476 -1 8.04995 0.84375 1 0 0 -1 -0.471397 0 0.881921 -0 1 -0
-14.2111 3.44441 -2.82677 0.28125 -1.2222 0 0 -1 -0.290278 0 0.956942 -0 1 -0
-13.3866 3.44441 -5.5449 0.3125 -1.2222 0 0 -1 -0.290278 0 0.956942 -0 1 -0
-14.2111 3.44441 -2.82677 0.28125 -1.2222 0 0 -1 -0.290278 0 0.956942 -0 1 -0
-2.82676 -1 14.2111 0.03125 1 0 0 -1 -0.995186 0 -0.0980089 0 1 -0
0 -1 14.4895 0 1 0 0 -1 -0.995186 0 -0.0980089 0 1 -0
-2.82676 -1 14.2111 0.03125 1 0 0 -1 -0.995186 0 -0.0980089 0 1 -0
5.54491 3.44441 -13.3866 0.5625 -1.2222 0 0 -1 -0.881921 0 -0.471397 0 1 -0
8.04995 3.44441 -12.0476 0.59375 -1.2222 0 0 -1 -0.881921 0 -0.471397 0 1 -0
5.54491 3.44441 -13.3866 0.5625 -1.2222 0 0 -1 -0.881921 0 -0.471397 0 1 -0
-13.3866 -1 -5.5449 0.3125 0.999999 0 0 -1 0.290278 0 -0.956942 0 -1 0
-14.2111 -1 -2.82677 0.28125 0.999999 0 0 -1 0.290278 0 -0.956942 0 -1 0
-13.3866 -1 -5.5449 0.3125 0.999999 0 0 -1 0.290278 0 -0.956942 0 -1 0
12.0476 3.44441 8.04995 0.84375 -1.2222 0 0 -1 0.63439 0 -0.773013 0 -1 0
10.2457 3.44441 10.2457 0.875 -1.2222 0 0 -1 0.63439 0 -0.773013 0 -1 0
12.0476 3.44441 8.04995 0.84375 -1.2222 0 0 -1 0.63439 0 -0.773013 0 -1 0
8.04995 -1 -12.0476 0.59375 1 0 0 -1 0.881921 0 0.471397 -0 -1 0
5.54491 -1 -13.3866 0.5625 1 0 0 -1 0.881921 0 0.471397 -0 -1 0
8.04995 -1 -12.0476 0.59375 1 0 0 -1 0.881921 0 0.471397 -0 -1 0
-2.82676 3.44441 14.2111 0.03125 -1.2222 0 0 -1 0.956942 0 0.290278 -0 -1 0
-5.54489 3.44441 13.3866 0.0625 -1.2222 0 0 -1 0.956942 0 0.290278 -0 -1 0
-2.82676 3.44441 14.2111 0.03125 -1.2222 0 0 -1 0.956942 0 0.290278 -0 -1 0
10.2457 -1 10.2457 0.875 1 0 0 -1 -0.63439 0 0.773013 -0 1 -0
12.0476 -1 8.04995 0.84375 1 0 0 -1 -0.63439 0 0.773013 -0 1 -0
10.2457 -1 10.2457 0.875 1 0 0 -1 -0.63439 0 0.773013 -0 1 -0
-13.3866 3.44441 -5.5449 0.3125 -1.2222 0 0 -1 -0.471396 0 0.881922 -0 1 -0
-12.0476 3.44441 -8.04994 0.34375 -1.2222 0 0 -1 -0.471396 0 0.881922 -0 1 -0
-13.3866 3.44441 -5.5449 0.3125 -1.2222 0 0 -1 -0.471396 0 0.881922 -0 1 -0
-5.54489 -1 13.3866 0.0625 1 0 0 -1 -0.956942 0 -0.290278 0 1 -0
-2.82676 -1 14.2111 0.03125 1 0 0 -1 -0.956942 0 -0.290278 0 1 -0
-5.54489 -1 13.3866 0.0625 1 0 0 -1 -0.956942 0 -0.290278 0 1 -0
8.04995 3.44441 -12.0476 0.59375 -1.2222 0 0 -1 -0.773013 0 -0.63439 0 1 -0
10.2457 3.44441 -10.2457 0.625 -1.2222 0 0 -1 -0.773013 0 -0.63439 0 1 -0
8.04995 3.44441 -12.0476 0.59375 -1.2222 0 0 -1 -0.773013 0 -0.63439 0 1 -0
-12.0476 -1 -8.04994 0.34375 0.999999 0 0 -1 0.471396 0 -0.881922 0 -1 0
-13.3866 -1 -5.5449 0.3125 0.999999 0 0 -1 0.471396 0 -0.881922 0 -1 0
-12.0476 -1 -8.04994 0.34375 0.999999 0 0 -1 0.471396 0 -0.881922 0 -1 0
10.2457 3.44441 10.2457 0.875 -1.2222 0 0 -1 0.773013 0 -0.63439 0 -1 0
8.04995 3.44441 12.0476 0.90625 -1.2222 0 0 -1 0.773013 0 -0.63439 0 -1 0
10.2457 3.44441 10.2457 0.875 -1.2222 0 0 -1 0.773013 0 -0.63439 0 -1 0
10.2457 -1 -10.2457 0.625 1 0 0 -1 0.773013 0 0.63439 -0 -1 0
8.04995 -1 -12.0476 0.59375 1 0 0 -1 0.773013 0 0.63439 -0 -1 0
10.2457 -1 -10.2457 0.625 1 0 0 -1 0.773013 0 0.63439 -0 -1 0
-5.54489 3.44441 13.3866 0.0625 -1.2222 0 0 -1 0.881922 0 0.471396 -0 -1 0
-8.04993 3.44441 12.0476 0.09375 -1.2222 0 0 -1 0.881922 0 0.471396 -0 -1 0
-5.54489 3.44441 13.3866 0.0625 -1.2222 0 0 -1 0.881922 0 0.471396 -0 -1 0
8.04995 -1 12.0476 0.90625 1 0 0 -1 -0.773013 0 0.63439 -0 1 -0
10.2457 -1 10.2457 0.875 1 0 0 -1 -0.773013 0 0.63439 -0 1 -0
8.04995 -1 12.0476 0.90625 1 0 0 -1 -0.773013 0 0.63439 -0 1 -0
-12.0476 3.44441 -8.04994 0.34375 -1.2222 0 0 -1 -0.634389 0 0.773014 -0 1 -0
-10.2457 3.44441 -10.2457 0.375 -1.2222 0 0 -1 -0.634389 0 0.773014 -0 1 -0
-12.0476 3.44441 -8.04994 0.34375 -1.2222 0 0 -1 -0.634389 0 0.773014 -0 1 -0
-8.04993 -1 12.0476 0.09375 1 0 0 -1 -0.881922 0 -0.471396 0 1 -0
-5.54489 -1 13.3866 0.0625 1 0 0 -1 -0.881922 0 -0.471396 0 1 -0
-8.04993 -1 12.0476 0.09375 1 0 0 -1 -0.881922 0 -0.471396 0 1 -0
10.2457 3.44441 -10.2457 0.625 -1.2222 0 0 -1 -0.63439 0 -0.773013 0 1 -0
12.0476 3.44441 -8.04995 0.65625 -1.2222 0 0 -1 -0.63439 0 -0.773013 0 1 -0
10.2457 3.44441 -10.2457 0.625 -1.2222 0 0 -1 -0.63439 0 -0.773013 0 1 -0
-10.2457 -1 -10.2457 0.375 0.999999 0 0 -1 0.634389 0 -0.773014 0 -1 0
-12.0476 -1 -8.04994 0.34375 0.999999 0 0 -1 0.634389 0 -0.773014 0 -1 0
-10.2457 -1 -10.2457 0.375 0.999999 0 0 -1 0.634389 0 -0.773014 0 -1 0
0 -1 16.0994 1 1 0 -1 -0 0 0 1 1 -0 -0
0 -1 14.4895 1 1 0 -1 -0 0 0 1 1 -0 -0
3.14085 -1 15.7901 0.96875 1 0 -1 -0 0 0 1 1 -0 -0
3.14085 1 15.7901 0.96875 1.01328e-06 0.082 0.5482 0.8323 0.107299 -0.835141 0.539468 -0.990839 0.0450694 0.127305
2.82679 3.44441 14.2111 0.96875 -1.2222 0.082 0.5482 0.8323 0.107299 -0.835141 0.539468 -0.990839 0.0450694 0.127305
0 1 16.0994 1 1.01328e-06 0.082 0.5482 0.8323 0.107299 -0.835141 0.539468 -0.990839 0.0450694 0.127305
3.14085 -1 15.7901 0.96875 1 0 -1 -0 0.195077 0 0.980788 0.980788 -0 -0.195077
2.82679 -1 14.2111 0.96875 1 0 -1 -0 0.195077 0 0.980788 0.980788 -0 -0.195077
6.16099 -1 14.8739 0.9375 1 0 -1 -0 0.195077 0 0.980788 0.980788 -0 -0.195077
6.16099 1 14.8739 0.9375 1.01328e-06 0.2428 0.5482 0.8003 0.210487 -0.835144 0.508163 -0.946962 0.0450717 0.318169
5.54491 3.44441 13.3866 0.9375 -1.2222 0.2428 0.5482 0.8003 0.210487 -0.835144 0.508163 -0.946962 0.0450717 0.318169
3.14085 1 15.7901 0.96875 1.01328e-06 0.2428 0.5482 0.8003 0.210487 -0.835144 0.508163 -0.946962 0.0450717 0.318169
5.54491 -1 13.3866 0.9375 1 0 -1 -0 -0.881921 0 0.471397 0.471397 0 0.881921
8.04995 -1 12.0476 0.90625 1 0 -1 -0 -0.881921 0 0.471397 0.471397 0 0.881921
6.16099 -1 14.8739 0.9375 1 0 -1 -0 -0.881921 0 0.471397 0.471397 0 0.881921
8.94437 1 13.3862 0.90625 1.01328e-06 0.3943 0.5482 0.7376 0.305583 -0.835144 0.457333 -0.866691 0.0450701 0.496805
8.04995 3.44441 12.0476 0.90625 -1.2222 0.3943 0.5482 0.7376 0.305583 -0.835144 0.457333 -0.866691 0.0450701 0.496805
6.16099 1 14.8739 0.9375 1.01328e-06 0.3943 0.5482 0.7376 0.305583 -0.835144 0.457333 -0.866691 0.0450701 0.496805
8.04995 -1 12.0476 0.90625 1 0 -1 -0 -0.773013 0 0.63439 0.63439 0 0.773013
10.2457 -1 10.2457 0.875 1 0 -1 -0 -0.773013 0 0.63439 0.63439 0 0.773013
8.94437 -1 13.3862 0.90625 1 0 -1 -0 -0.773013 0 0.63439 0.63439 0 0.773013
11.384 1 11.384 0.875 1.01328e-06 0.5306 0.5482 0.6465 0.388929 -0.835146 0.388929 -0.753124 0.0450763 0.656332
10.2457 3.44441 10.2457 0.875 -1.2222 0.5306 0.5482 0.6465 0.388929 -0.835146 0.388929 -0.753124 0.0450763 0.656332
8.94437 1 13.3862 0.90625 1.01328e-06 0.5306 0.5482 0.6465 0.388929 -0.835146 0.388929 -0.753124 0.0450763 0.656332
11.384 -1 11.384 0.875 1 0 -1 -0 0.707107 0 0.707107 0.707107 -0 -0.707107
10.2457 -1 10.2457 0.875 1 0 -1 -0 0.707107 0 0.707107 0.707107 -0 -0.707107
13.3862 -1 8.94437 0.84375 1 0 -1 -0 0.707107 0 0.707107 0.707107 -0 -0.707107
13.3862 1 8.94437 0.84375 1.01328e-06 0.6465 0.5482 0.5306 0.457333 -0.835144 0.305583 -0.610641 0.0451014 0.790622
12.0476 3.44441 8.04995 0.84375 -1.2222 0.6465 0.5482 0.5306 0.457333 -0.835144 0.305583 -0.610641 0.0451014 0.790622
11.384 1 11.384 0.875 1.01328e-06 0.6465 0.5482 0.5306 0.457333 -0.835144 0.305583 -0.610641 0.0451014 0.790622
13.3862 -1 8.94437 0.84375 1 0 -1 -0 0.831468 0 0.555573 0.555573 -0 -0.831468
12.0476 -1 8.04995 0.84375 1 0 -1 -0 0.831468 0 0.555573 0.555573 -0 -0.831468
14.8739 -1 6.16099 0.8125 1 0 -1 -0 0.831468 0 0.555573 0.555573 -0 -0.831468
14.8739 1 6.16099 0.8125 1.01328e-06 0.7376 0.5482 0.3943 0.508163 -0.835144 0.210487 -0.444675 0.0451125 0.894555
13.3866 3.44441 5.54491 0.8125 -1.2222 0.7376 0.5482 0.3943 0.508163 -0.835144 0.210487 -0.444675 0.0451125 0.894555
13.3862 1 8.94437 0.84375 1.01328e-06 0.7376 0.5482 0.3943 0.508163 -0.835144 0.210487 -0.444675 0.0451125 0.894555
13.3866 -1 5.54491 0.8125 1 0 -1 -0 -0.29028 0 0.956942 0.956942 0 0.29028
14.2111 -1 2.82679 0.78125 1 0 -1 -0 -0.29028 0 0.956942 0.956942 0 0.29028
14.8739 -1 6.16099 0.8125 1 0 -1 -0 -0.29028 0 0.956942 0.956942 0 0.29028
14.2111 3.44441 2.82679 0.78125 -1.2222 0.8003 0.5482 0.2428 0.29028 0 -0.956942 0.524607 0.836339 0.159135
13.3866 3.44441 5.54491 0.8125 -1.2222 0.8003 0.5482 0.2428 0.29028 0 -0.956942 0.524607 0.836339 0.159135
15.7901 1 3.14085 0.78125 1.01328e-06 0.8003 0.5482 0.2428 0.29028 0 -0.956942 0.524607 0.836339 0.159135
14.2111 -1 2.82679 0.78125 1 0 -1 -0 -0.0980097 0 0.995185 0.995185 0 0.0980097
14.4895 -1 1e-06 0.75 1 0 -1 -0 -0.0980097 0 0.995185 0.995185 0 0.0980097
15.7901 -1 3.14085 0.78125 1 0 -1 -0 -0.0980097 0 0.995185 0.995185 0 0.0980097
14.4895 3.44441 1e-06 0.75 -1.2222 0.8323 0.5482 0.082 0.0980097 0 -0.995185 0.545569 0.836342 0.0537297
14.2111 3.44441 2.82679 0.78125 -1.2222 0.8323 0.5482 0.082 0.0980097 0 -0.995185 0.545569 0.836342 0.0537297
16.0994 1 1e-06 0.75 1.01328e-06 0.8323 0.5482 0.082 0.0980097 0 -0.995185 0.545569 0.836342 0.0537297
16.0994 -1 1e-06 0.75 1 0 -1 -0 1 0 0 0 -0 -1
14.4895 -1 1e-06 0.75 1 0 -1 -0 1 0 0 0 -0 -1
15.7901 -1 -3.14084 0.71875 1 0 -1 -0 1 0 0 0 -0 -1
15.7901 1 -3.14084 0.71875 0 0.8323 0.5482 -0.082 0.539468 -0.835141 -0.107299 0.127305 0.0450696 0.990839
14.2111 3.44441 -2.82678 0.71875 -1.2222 0.8323 0.5482 -0.082 0.539468 -0.835141 -0.107299 0.127305 0.0450696 0.990839
16.0994 1 1e-06 0.75 1.01328e-06 0.8323 0.5482 -0.082 0.539468 -0.835141 -0.107299 0.127305 0.0450696 0.990839
15.7901 -1 -3.14084 0.71875 1 0 -1 -0 0.980788 0 -0.195077 -0.195077 0 -0.980788
14.2111 -1 -2.82678 0.71875 1 0 -1 -0 0.980788 0 -0.195077 -0.195077 0 -0.980788
14.8739 -1 -6.16099 0.6875 1 0 -1 -0 0.980788 0 -0.195077 -0.195077 0 -0.980788
14.8739 1 -6.16099 0.6875 0 0.8003 0.5482 -0.2428 0.508163 -0.835144 -0.210487 0.318169 0.0450716 0.946962
13.3866 3.44441 -5.54491 0.6875 -1.2222 0.8003 0.5482 -0.2428 0.508163 -0.835144 -0.210487 0.318169 0.0450716 0.946962
15.7901 1 -3.14084 0.71875 0 0.8003 0.5482 -0.2428 0.508163 -0.835144 -0.210487 0.318169 0.0450716 0.946962
13.3866 -1 -5.54491 0.6875 1 0 -1 -0 0.471397 0 0.881921 0.881921 -0 -0.471397
12.0476 -1 -8.04995 0.65625 1 0 -1 -0 0.471397 0 0.881921 0.881921 -0 -0.471397
14.8739 -1 -6.16099 0.6875 1 0 -1 -0 0.471397 0 0.881921 0.881921 -0 -0.471397
13.3862 1 -8.94437 0.65625 0 0.7376 0.5482 -0.3943 0.457333 -0.835144 -0.305583 0.496805 0.0450701 0.866691
12.0476 3.44441 -8.04995 0.65625 -1.2222 0.7376 0.5482 -0.3943 0.457333 -0.835144 -0.305583 0.496805 0.0450701 0.866691
14.8739 1 -6.16099 0.6875 0 0.7376 0.5482 -0.3943 0.457333 -0.835144 -0.305583 0.496805 0.0450701 0.866691
12.0476 -1 -8.04995 0.65625 1 0 -1 -0 0.63439 0 0.773013 0.773013 -0 -0.63439
10.2457 -1 -10.2457 0.625 1 0 -1 -0 0.63439 0 0.773013 0.773013 -0 -0.63439
13.3862 -1 -8.94437 0.65625 1 0 -1 -0 0.63439 0 0.773013 0.773013 -0 -0.63439
11.384 1 -11.384 0.625 0 0.6465 0.5482 -0.5306 0.388929 -0.835146 -0.388929 0.656332 0.0450763 0.753124
10.2457 3.44441 -10.2457 0.625 -1.2222 0.6465 0.5482 -0.5306 0.388929 -0.835146 -0.388929 0.656332 0.0450763 0.753124
13.3862 1 -8.94437 0.65625 0 0.6465 0.5482 -0.5306 0.388929 -0.835146 -0.388929 0.656332 0.0450763 0.753124
11.384 -1 -11.384 0.625 1 0 -1 -0 0.707107 0 -0.707107 -0.707107 0 -0.707107
10.2457 -1 -10.2457 0.625 1 0 -1 -0 0.707107 0 -0.707107 -0.707107 0 -0.707107
8.94437 -1 -13.3862 0.59375 1 0 -1 -0 0.707107 0 -0.707107 -0.707107 0 -0.707107
8.94437 1 -13.3862 0.59375 0 0.5306 0.5482 -0.6465 0.305583 -0.835144 -0.457333 0.790622 0.0451013 0.610641
8.04995 3.44441 -12.0476 0.59375 -1.2222 0.5306 0.5482 -0.6465 0.305583 -0.835144 -0.457333 0.790622 0.0451013 0.610641
11.384 1 -11.384 0.625 0 0.5306 0.5482 -0.6465 0.305583 -0.835144 -0.457333 0.790622 0.0451013 0.610641
8.94437 -1 -13.3862 0.59375 1 0 -1 -0 0.555573 0 -0.831468 -0.831468 0 -0.555573
8.04995 -1 -12.0476 0.59375 1 0 -1 -0 0.555573 0 -0.831468 -0.831468 0 -0.555573
6.16099 -1 -14.8739 0.5625 1 0 -1 -0 0.555573 0 -0.831468 -0.831468 0 -0.555573
6.16099 1 -14.8739 0.5625 0 0.3943 0.5482 -0.7376 0.210487 -0.835144 -0.508163 0.894555 0.0451125 0.444675
5.54491 3.44441 -13.3866 0.5625 -1.2222 0.3943 0.5482 -0.7376 0.210487 -0.835144 -0.508163 0.894555 0.0451125 0.444675
8.94437 1 -13.3862 0.59375 0 0.3943 0.5482 -0.7376 0.210487 -0.835144 -0.508163 0.894555 0.0451125 0.444675
5.54491 -1 -13.3866 0.5625 1 0 -1 -0 0.956942 0 0.290279 0.290279 -0 -0.956942
2.82678 -1 -14.2111 0.53125 1 0 -1 -0 0.956942 0 0.290279 0.290279 -0 -0.956942
6.16099 -1 -14.8739 0.5625 1 0 -1 -0 0.956942 0 0.290279 0.290279 -0 -0.956942
3.14084 1 -15.7901 0.53125 -9.53674e-07 0.2428 0.5482 -0.8003 0.107299 -0.835141 -0.539468 0.964122 0.0451121 0.2616
2.82678 3.44441 -14.2111 0.53125 -1.2222 0.2428 0.5482 -0.8003 0.107299 -0.835141 -0.539468 0.964122 0.0451121 0.2616
6.16099 1 -14.8739 0.5625 0 0.2428 0.5482 -0.8003 0.107299 -0.835141 -0.539468 0.964122 0.0451121 0.2616
2.82678 -1 -14.2111 0.53125 1 0 -1 -0 0.995184 0 0.0980266 0.0980266 -0 -0.995184
-5e-06 -1 -14.4895 0.5 0.999999 0 -1 -0 0.995184 0 0.0980266 0.0980266 -0 -0.995184
3.14084 -1 -15.7901 0.53125 0.999999 0 -1 -0 0.995184 0 0.0980266 0.0980266 -0 -0.995184
-5e-06 3.44441 -14.4895 0.5 -1.2222 0.082 0.5482 -0.8323 -0.995184 0 -0.0980266 0.053739 0.836342 -0.545568
2.82678 3.44441 -14.2111 0.53125 -1.2222 0.082 0.5482 -0.8323 -0.995184 0 -0.0980266 0.053739 0.836342 -0.545568
-5e-06 1 -16.0994 0.5 -9.53674e-07 0.082 0.5482 -0.8323 -0.995184 0 -0.0980266 0.053739 0.836342 -0.545568
-5e-06 -1 -16.0994 0.5 0.999999 0 -1 -0 0 0 -1 -1 0 -0
-5e-06 -1 -14.4895 0.5 0.999999 0 -1 -0 0 0 -1 -1 0 -0
-3.14085 -1 -15.7901 0.46875 0.999999 0 -1 -0 0 0 -1 -1 0 -0
-3.14085 1 -15.7901 0.46875 -9.53674e-07 -0.082 0.5482 -0.8323 -0.107299 -0.835141 -0.539468 0.990839 0.0450696 -0.127305
-2.82679 3.44441 -14.2111 0.46875 -1.2222 -0.082 0.5482 -0.8323 -0.107299 -0.835141 -0.539468 0.990839 0.0450696 -0.127305
-5e-06 1 -16.0994 0.5 -9.53674e-07 -0.082 0.5482 -0.8323 -0.107299 -0.835141 -0.539468 0.990839 0.0450696 -0.127305
-3.14085 -1 -15.7901 0.46875 0.999999 0 -1 -0 -0.195077 0 -0.980788 -0.980788 0 0.195077
-2.82679 -1 -14.2111 0.46875 0.999999 0 -1 -0 -0.195077 0 -0.980788 -0.980788 0 0.195077
-6.161 -1 -14.8739 0.4375 0.999999 0 -1 -0 -0.195077 0 -0.980788 -0.980788 0 0.195077
-6.161 1 -14.8739 0.4375 -9.53674e-07 -0.2428 0.5482 -0.8003 -0.210486 -0.835144 -0.508163 0.946962 0.0450713 -0.318169
-5.54492 3.44441 -13.3866 0.4375 -1.2222 -0.2428 0.5482 -0.8003 -0.210486 -0.835144 -0.508163 0.946962 0.0450713 -0.318169
-3.14085 1 -15.7901 0.46875 -9.53674e-07 -0.2428 0.5482 -0.8003 -0.210486 -0.835144 -0.508163 0.946962 0.0450713 -0.318169
-5.54492 -1 -13.3866 0.4375 0.999999 0 -1 -0 0.881921 0 -0.471397 -0.471397 0 -0.881921
-8.04996 -1 -12.0476 0.40625 0.999999 0 -1 -0 0.881921 0 -0.471397 -0.471397 0 -0.881921
-6.161 -1 -14.8739 0.4375 0.999999 0 -1 -0 0.881921 0 -0.471397 -0.471397 0 -0.881921
-8.94438 1 -13.3862 0.40625 -9.53674e-07 -0.3943 0.5482 -0.7376 -0.305582 -0.835144 -0.457333 0.866691 0.0450699 -0.496805
